lichaamslengtes = [1.85; 1.50; 1.77; 2.01; 1.90; 1.75];
