x = 0:100;
a = 2;
b = 4;
c = 5;
